100452,hirek+58,0,1,148,418
104203,dziwniar,442,1,21,463
106525,norbelllo,191,2,20538,234
128346,peter3131,0,1,162,410
128503,jagnie,207,13,124592,190
131247,norweg1,0,0,0,532
150301,ORANGE+BOY,984,1,4845,296
220181,Paola65,191,236,2272005,89
318984,QMOTERQQRYQ,1220,7,24873,229
357337,Kubaston,191,58,632885,160
363242,Nikolaus,1370,1,577,370
480690,mski5,0,1,3802,306
514097,Spyro1993,211,5,51544,207
522929,DlaCiebiePanBizal,168,208,2096547,98
546458,Sindbad00,553,1,405,383
583500,pchelka75,155,355,3549661,40
645670,emilkar,0,1,506,374
650137,AN2403,191,151,1501986,131
703092,CzarnyMoon,168,371,3466077,44
781503,aurtiol,325,1,811,356
822564,oskar124,247,33,320240,171
831798,pluto07,0,1,183,407
875256,iqaz,155,160,1626078,119
927277,bart1313,191,322,3083524,55
959179,mirkos44,1370,2,7886,282
981713,Jokerpn2+x+Sir+Trolu,0,1,51,443
1024690,marcin999186,155,141,1563456,124
1079223,elgordo,862,1,8540,280
1141560,obex4,0,1,8977,278
1191557,5klasa,1200,1,700,363
1198980,kamilyes,207,1,9718,271
1259731,GokuPLPL,185,62,624061,162
1300712,janwi,0,1,33,460
1304915,Hasyp,0,1,1373,333
1309140,tuptuszolwik,185,0,0,533
1320797,metbek,1023,118,1149119,147
1371998,pyari,0,1,1029,346
1459020,LopezKing01,169,1,158,413
1461576,darek0455,0,1,8923,279
1498998,ASYSTORIA,0,1,280,396
1511879,Pawwe,0,0,0,534
1536688,grunwald45,0,1,98,429
1618481,markopolo19,168,95,930952,155
1697844,daniolko,185,0,0,535
1724056,gornik93,0,1,341,392
1747876,atemi900,998,1,42,450
1794395,GrzelinZWA,191,1,10433,263
1862276,Adamiex,366,1,1912,325
1895081,Najemnik+full+light,0,2,4717,297
1987715,pono19g,185,3,34122,220
1987868,zdzichu295,0,1,21,464
2028575,Damo514,168,141,1307774,138
2038026,Pabaa,169,1,21,465
2162471,Tombar76,0,1,1167,341
2177410,plazmi,0,1,4072,303
2244154,Vonfara,170,284,2785460,67
2268889,dj.B.M.P.,341,1,1178,340
2309595,ChrystianoRonaldo,155,400,4204242,20
2345447,slawomirec,0,1,2962,312
2357077,rpebys,259,1,909,350
2362058,Sir+Lewan,0,0,0,536
2371686,macing+III,0,1,21,466
2392350,Nikt08,1330,35,242699,175
2426019,riki30.1976,0,1,475,378
2483601,MatiMK10,0,0,0,537
2502230,MarcinBRzeznik,1124,1,468,379
2516493,Afrodyta29,191,83,826324,156
2569868,LOLA1982,0,1,134,424
2571407,Legion+15,477,1,319,393
2581312,mefisto75+x+Rokush,170,337,3542667,41
2618951,hulk84,168,227,2169104,93
2719651,kriscros,159,2,17586,245
2730335,niki63,185,11,86789,196
2764337,Stefal-S22,0,1,42,451
2788981,damian1088,0,0,0,538
2803439,czarnuch938,185,1,9637,273
2837080,LadyVv,0,1,417,382
2842022,Doktor+House,170,377,3988850,26
2889509,skrzat17,168,258,3020576,56
2925555,GreatKhaliS,996,1,21,467
2994523,%C5%9Amieszek,207,126,1315410,137
3097546,Wretched+Egg+x+Redcclise,168,392,3611763,37
3139819,ponicki,0,3,29694,225
3157022,momomisiek,186,1,6427,283
3176816,Kami+x+Ojoj,169,1,39,455
3201528,alb3rc1k.wrona,159,4,25321,228
3352124,Spirx+i+VonDee,0,0,0,539
3400823,BulaLdz+i+Rudej,185,130,1205809,144
3440896,Ari93,185,1,609,369
3476708,luk77asz,1364,1,6194,287
3478783,vidmoo,160,43,11794,254
3488204,Take+M3+Easy+x+Mebos,168,119,1194580,145
3506497,Jaro815,1200,15,73555,201
3512280,Mato%C5%82ek222,185,49,486215,167
3518623,Deyna10,0,0,0,540
3541308,Zimson.,155,342,3419316,46
3582856,pilka6969,0,1,55,439
3719954,Lord+Ob,0,1,102,427
3730937,asiv+x+MRCOREN,207,93,937412,154
3973432,piotrus507,995,1,4306,301
3983220,SierGiej95,170,209,2219151,90
5978020,PlanBee,207,9,82829,198
5989306,HENRYK321,0,1,504,375
6071567,Petro180,53,1,1650,328
6077576,AsumaSensei,170,217,2138180,94
6083448,rafalzak,0,1,850,353
6111938,krzysztof+wspania%C5%82y,0,1,147,419
6114771,%C5%81ukasz+98,155,404,3852192,28
6121024,topolskia,863,0,0,541
6127167,morys1992,1345,1,796,357
6145316,zabario1,1345,0,0,542
6151359,Rycerz+%C5%81yx,155,170,1704070,113
6155685,ch%C5%82opaczyna,170,385,4207979,19
6172559,XxNo-NamexX,155,144,1462699,132
6174010,MARCINEK+GRO%C5%BBNY,1156,1,345,391
6207550,Zwiedzam+Farme,191,16,156106,184
6249486,REXMUNDI,0,1,2152,323
6254470,transporter139,0,1,95,432
6263482,%C5%82ysy1111,0,0,0,543
6276208,biesta,0,1,1424,330
6296228,oleska2002,0,1,4456,300
6300771,PetC,0,1,378,386
6301789,Ewelinaq,0,1,96,430
6342900,easy26,185,56,563417,164
6390517,Compi,0,1,21,468
6398617,krvl+jake,998,1,2650,316
6569289,rokir99,0,1,21,469
6581261,Kocham+Lolitki,0,1,21,470
6583598,burza123456,155,408,4214842,18
6633994,Grenpi,0,1,252,400
6705168,zielas021,984,1,680,364
6795280,SUPER+KR%C3%93L+PAWE%C5%81,0,0,0,544
6800442,ostryZG,0,0,0,545
6957922,piter0101,185,1,10174,265
6994064,LucKurek,170,442,4304207,14
7031136,SzoaxD,207,1,11974,253
7064954,shaggy909,935,1,1094,344
7079252,metin2jestcool,0,1,21,471
7094779,VAdiV,155,188,1917940,107
7094962,mixuj,0,1,52,441
7167528,witus19,170,207,2107541,97
7251677,Pan+Owca,207,22,213713,179
7259218,kraczy%C5%84ski,0,1,161,412
7294341,Jokisz+x+Juza,170,173,1647775,116
7338986,dadzio5,168,264,2672436,75
7390344,Muras+x+0nxss,170,180,1771337,111
7401079,Byskit,168,159,1649770,115
7425443,xvanc,207,2,19058,242
7439424,Pawe%C5%82+Katalo%C5%84czyk,0,1,21,472
7487445,zejaz,168,369,3528429,42
7497650,BKS-FIK,211,1,3778,307
7540551,FarmerDobijacz,170,216,2273420,88
7548037,Chocoboms7,168,266,2797797,66
7560085,cyaaaa2,170,284,3163255,53
7604807,Snuffy83,168,110,955941,153
7606035,JoteSKa,1273,0,0,546
7613103,Adchar1,0,4,37996,218
7667698,Rozpend,169,1,96,431
7707358,tomikom,1324,1,39,456
7719818,pandaseka,168,579,5506014,7
7720655,KRAJAN00,168,282,2748491,69
7751991,totylkogra..,168,326,2997198,58
7809199,destroyer1984,0,0,0,547
7823846,FantAstycznY+Front0wieC,0,0,0,548
7931539,jackowskimarek,0,1,1121,343
7995033,adahin,0,0,0,549
8021735,pat-mat-51,0,1,46,447
8044757,arek620011,170,556,5815048,6
8049958,dragonflay,0,0,0,550
8075814,SpeedBoy95,1352,1,21,473
8086835,Harry+Potter,160,0,0,551
8120259,flypside,155,329,3190423,51
8149456,Rammus69,0,2,9556,274
8153730,the-blue,245,1,21,474
8168453,PobawimySi%C4%99B%C4%99dzieFajnie,0,1,36,459
8253729,Aragrip,170,156,1554109,125
8254493,-Edka-,191,10,102648,193
8269044,Devildomi,247,5,48898,208
8276067,Stukni%C4%99ty,89,1,21,475
8300149,Gucio88,0,0,0,552
8330237,Sylwan23,168,283,2981743,60
8336889,Choinka+x+Shiro+x+Kage,0,1,21,476
8359267,Love+Hurts,0,1,68,435
8408007,admirer2,0,1,365,388
8410691,KnifeHunter,170,162,1583776,123
8469774,Ohtar1,1023,1,21,477
8479001,Paralyse,197,1,41,452
8490885,tu-gina-ludzie,1200,7,47035,211
8503549,iwan.23.2,155,401,4046827,25
8532096,Goolman1979,168,168,1639211,117
8553904,Byziaczek,169,1,1000,348
8560326,Owocowa+i+Lambadan.,155,389,3785832,30
8588789,lolobolos,0,1,6211,286
8592480,Ksoks,155,291,2827870,65
8603651,GREGOR.PITER.DIODA,0,1,11585,257
8624649,MajorKondor,0,1,21,478
8626900,MaksymKrywonos,160,1,21,479
8665716,Boss+Ki+x+Tygrys,155,427,4466933,11
8666542,Repetitio,207,1,314,394
8683716,Dyli%C5%BCans01,155,227,2373774,82
8687748,Pietrek+z+Sosnowca,185,1,9711,272
8708728,vodka442,321,1,138,423
8709633,Wiedzmolol10,170,168,1609763,121
8726478,serz33,0,1,21,480
8740963,PsychoKiss%2AAquarion,155,359,3682250,32
8766426,Liberta,0,1,2540,318
8774482,DW%C3%93CH+POT%C4%98%C5%BBNYCH+GRACZY,168,194,1942030,105
8792459,7up71,1084,1,27,462
8793295,Lord+Alistiarus,168,134,1542969,127
8805160,Joaquin79,1388,1,820,355
8819990,bitefight1998,0,1,1360,334
8845753,Ania+Emil+Czarek+Rafa%C5%82,1363,1,21,481
8884931,chudy643,170,273,2611846,78
8887472,jasior78,0,1,533,372
8894803,Proxima,0,0,0,553
8908553,kamileq950,1330,5,33366,222
8923189,Yoshi+From+Hell,245,1,43,449
8929825,lerty,185,3,33728,221
8939384,Matej+%3D+KO,185,4,39066,214
8947052,karolaskarol,862,1,10054,268
8982338,xRico,0,1,21,482
8985896,Krzysiek+41,1370,1,386,387
8993689,Zambezia,155,395,4256236,16
8997874,Sir+lechman,211,1,463,380
9012903,Kurczak998,935,1,21,483
9019627,Czesc.Kochanie,0,1,21,484
9023117,DucuS+x+azerciK,170,589,6729333,2
9035698,MLowe+x+PolskiPolakPL,168,368,3634019,35
9037430,Mets96,170,289,2869611,61
9070335,power+is+my,170,276,2638557,77
9086671,Armixs,207,16,154041,185
9090004,WhiteEagleLord,998,1,1288,336
9091896,szeva009,862,1,41,453
9115063,Hassam+x+Allanelo,170,468,5036364,9
9138661,Lodar93,0,1,21,485
9163947,Tissan,168,262,2593312,79
9166290,HeadBanger,159,2,19637,240
9191312,Lord+Czocher,168,212,2202401,92
9212383,Kogzy,191,237,2345461,83
9228547,smigel,0,2,11669,255
9259107,Siurens+x+Ojciec,191,0,0,554
9276297,k4mi1,0,1,632,367
9283142,Zi3lonoMi,169,1,356,389
9283775,nani91,620,1,350,390
9283824,9010,984,1,1123,342
9284351,Sir+Lincoln,0,1,3648,309
9286463,Lord+Saladyn,1003,1,12104,251
9295543,slade+von+seth,168,377,3752116,31
9299201,Akrox,1177,1,718,360
9304911,.FILAN.,168,140,1407975,135
9320303,Gerpy,0,1,9785,270
9324843,Zicu,0,2,19808,238
698146383,kibi27,0,14,93040,195
698151302,tomaszek74,101,1,1189,339
698159326,I%2ASUCHY%2AI-X-I%2APROTOM%2AI,169,1,89,433
698163648,GreatGatsby,159,1,5960,289
698190039,mirmyn,0,1,147,420
698194709,Shadow+Tails,170,330,3491030,43
698210598,Czarnobylec,758,1,403,384
698213366,maksik16,0,4,11650,256
698227164,xXxMATIxXx91,984,1,1730,327
698229033,Dziora1987,170,288,2864418,64
698231415,Gruzol,1369,0,0,555
698238602,filip8349,160,2,2313,320
698272743,Ratesh,170,329,3349073,47
698274017,Sir+HauR,170,428,4237967,17
698297254,Airaw,998,3,11001,258
698303567,TheNewStar,155,434,4479323,10
698322024,gronkan,0,1,111,426
698337417,na%C5%82og,864,0,0,556
698356246,suzek21,0,1,21,486
698366007,TheSzumix,155,204,2051409,101
698386297,Kleomenes+I,168,212,2133770,96
698388041,Kubu%C5%9B+Pogromca,168,176,1783743,110
698397674,bedril01,155,212,1962715,104
698400151,GoD+oF+PaiN,170,352,3613617,36
698413070,Arsonists,191,70,688061,158
698415842,BlackSheep3,191,3,29530,226
698494193,Cysiekx,155,568,5859568,5
698496770,Wentyl,185,0,0,557
698591736,NothingToGain,170,269,2662861,76
698592257,MistrzPowraca,155,260,2766509,68
698596969,Profesor+R,185,18,161692,182
698602557,Tabalugatoja,155,126,1219826,143
698622461,asasincreed3,0,1,172,409
698634469,TytusValerius,0,3,21511,232
698635576,xYahiko,207,4,38389,216
698639401,siwy24103,211,0,0,558
698655576,brutal29,0,0,0,559
698670351,Damianous,185,5,54267,205
698680083,Yopek,170,403,4183389,21
698690464,Saxic,207,2,19583,241
698700447,-Vinci-,0,1,495,381
698703164,Nochybaty+x+Kaspin,168,137,1435997,134
698730917,-E%2AE%2AE%2AEDEK-,0,1,2686,313
698731833,Aromatyczny,155,276,2865460,62
698741732,Compman,159,4,38194,217
698744805,Sierpien,0,2,491,376
698790452,..AMBASADOR..,207,16,158322,183
698795457,403614,0,1,102,428
698829202,hinca1234,0,1,21,487
698841261,Psuja90+and+Poczciiwy,170,385,3948998,27
698849406,sir+robin,247,2,13937,249
698879616,Dasha+x+Lady+Mocarz,168,548,6319088,3
698883188,bajorson138,1357,1,842,354
698924474,Mi%C5%9B+Paty%C5%9B,155,293,2986685,59
698938264,alanbebz,477,1,918,349
698946576,Ten+imek,0,1,21,488
698949963,SandworM,207,17,144536,186
698985653,StefciuPapa,170,381,4418269,13
699004074,akoko,0,1,9835,269
699024081,Seeqer,207,1,46,448
699025277,GoToSleep,1352,1,3732,308
699042556,DlaCzemuu,168,224,2080417,100
699091873,WestCoast+x+Hanys,0,0,0,560
699094258,Misio+pysio,0,1,21,489
699108704,KU+CHWALE+MM,1336,0,0,561
699126374,Lord+Toudik,0,0,0,562
699130638,suszi-japa,0,1,1404,332
699148121,robertos1,0,1,719,362
699164403,Heinz,0,1,21,490
699199702,Fantastyczna4,169,1,162,411
699243907,Kristo+x+Jochymek,155,133,1300616,139
699248436,BranD+x+Szkodnik,170,575,5862518,4
699256305,wegagt,0,1,21,491
699268955,Robos+x+Habowime,170,243,2406774,81
699268958,Wawrzynek+x+Rudinek,169,1,141,421
699272271,Bska,168,307,2748193,70
699274456,Polski+%C5%BBo%C5%82nierz,155,157,1537948,128
699302434,Raqnarok.,170,335,3585126,38
699302705,Czarna+Szmata,288,3,23257,230
699303796,Podn%C3%B3%C5%BCek+Moxi,159,1,41,454
699314642,jaro21,207,31,317314,172
699318254,wisnia1908,191,9,76930,197
699326535,-AVE-+x+Twoje+Zdrowie,170,644,6852226,1
699326959,Kins+and+Fabcio,0,1,21,492
699331690,eto19900,0,28,237801,176
699341788,Master1,168,214,1918666,106
699345356,faster0wek,0,1,21,493
699346280,yuri09,169,0,0,563
699354519,andre41,0,0,0,564
699374948,Tabak+x+Feniatko,0,38,326334,170
699375036,Kurumii+x+Roogh,170,435,4457676,12
699379312,macko12345,185,1,12104,252
699393445,TheRizer,0,1,21,494
699395676,Iwcia,191,2,20501,235
699399386,Escobar-.+x+SwiderNWM,168,147,1531708,129
699417152,rosomak+123,155,145,1454739,133
699421701,zombienearo,1364,0,0,565
699429943,GramNocki,247,1,10474,261
699455870,Maturzysta98,155,289,2725161,71
699461207,Moya25,191,107,1135903,148
699462376,I+AM+THE+ONE,0,1,4653,298
699478097,Mentos151,168,144,1298880,140
699486904,patrykerr,159,8,77688,199
699493750,krychukozak,0,1,2555,317
699497403,Ja+tu+tyko+sprz%C4%85tam,155,214,2045572,102
699507712,szelbi,185,250,2316061,86
699513404,Kreci+Kr%C3%B3l+i+W%C5%82adca,0,1,21,495
699526118,AdSeZa,168,167,1547678,126
699546317,Sebko70,482,0,0,566
699550500,padusz,259,1,21,496
699555658,Maximus+IX,0,0,0,567
699559694,endyydne,191,3,34439,219
699566399,PC199,1370,1,1931,324
699570542,vtrx,0,1,21,497
699585061,KenarisGG,155,99,1048566,150
699589378,Darek+Majster,185,20,187143,180
699592576,Death+of+Darkness,0,1,21,498
699615356,krystian2008,0,1,54,440
699635290,Kuwejt,191,8,77409,200
699635655,Dotyk+Proboszczaa,247,2,19783,239
699635774,Mad+x+Kroca,0,1,33,461
699635896,Daniobeka,0,3,15413,248
699637141,kasanga13,159,2,17546,246
699642954,Herkuless,0,1,156,415
699651117,sorni12,168,261,3008689,57
699651253,mucha91+x+messi+zabujcas,191,2,19923,237
699657645,Lonsdale,247,2,20374,236
699673990,Maju+x+Supo,155,213,1997932,103
699674743,Lucrenus+x+Paparuch,168,170,1672709,114
699682077,SomnambuliztycznyEremita,207,112,1150682,146
699687612,Animowy+Koholik,1158,1,2304,321
699688325,andy01,0,1,9138,276
699688955,mareczny,0,0,0,568
699692232,Ma%C5%82y+x+Tomi,247,1,10167,266
699693897,butterflay,0,1,48,445
699693987,Lady+Moniqe,0,1,21,499
699696490,TopornikDobijacz,0,1,21,500
699711009,sideByside,207,43,448868,168
699712944,dyra556,0,1,62,437
699726660,ryhu,611,1,152,417
699737083,styl+judasza,0,1,10076,267
699755075,Sebix1997,0,1,1014,347
699763885,Venom+Snake+x+Panguss,155,165,1638541,118
699765729,tyranek17,0,1,9041,277
699765924,West,155,171,1704529,112
699766123,David+of+the+Walls,0,1,21,501
699767852,benito,0,0,0,569
699768095,Cerb+aka.+Conradd1,1397,1,21,502
699775020,%C5%81ukasz1997,0,4,38528,215
699783516,Badboy,155,225,2210748,91
699786829,PyraZBejcy96,0,4,23062,231
699789537,loverek,0,0,0,570
699791054,Shooott,0,1,205,405
699798611,marekkkzzz665,1313,1,1269,337
699809882,Geronimo2019,207,32,306847,173
699812804,dusia98,170,341,3423588,45
699813351,BADALAMBADA+x+ETHER,168,150,1515725,130
699814019,Kultywator,168,130,1385525,136
699815699,ixmen,0,1,278,397
699820859,S1NNR,0,1,21,503
699832849,Kornel+i+przyjaciele,168,154,1596137,122
699835174,shadow.,0,1,21,504
699835178,CrazyJack,0,1,222,403
699837551,%C5%BBegnam+Graczy,170,411,4276757,15
699840743,Auri124578,0,1,121,425
699841538,Mitas+x+Titovsky,170,123,1264228,141
699841997,Pisco%C5%82ka,0,1,21,505
699848713,malicha94,0,3,16835,247
699850712,TheWanderer,170,385,4056346,24
699854710,Hyraptor,170,359,3677620,33
699854835,Enfant+terrible,207,79,725668,157
699855149,Wielki+Montezuma,0,1,275,398
699857872,Karczek69,185,3,31335,223
699858295,Sneiz,0,1,1358,335
699859667,4Justice,170,303,2865068,63
699865311,Daraghon1,0,1,21,506
699870279,nowy5791,0,1,6390,284
699871886,CoMiZrobisz,169,8,67321,202
699872401,PanByczek,897,1,2657,315
699876653,slawekkrasulak,191,3,30189,224
699878594,Pan+i+Pan+Kiler,168,250,2330827,85
848882397,Puma79,0,1,175,408
848883542,Matz32,0,1,544,371
848885776,Y-eti,998,1,3171,311
848886546,Shapoba,0,0,0,571
848888655,Big+Boss,0,1,4209,302
848890283,SiwyDymCK,207,11,102381,194
848890940,Elivo+aka+Bak%C5%82a%C5%BCan.,168,126,1223006,142
848909671,Mason+x+Oprysk12,155,425,4123662,23
848910346,Szczypiorek123,0,1,21,507
848911863,zapomnia%C5%82em+has%C5%82a,0,1,10305,264
848920103,Operations,207,23,250069,174
848920427,FioletowyBanan,1091,1,5663,290
848928199,Dunkhell,0,1,211,404
848930898,Niez%C5%82omni+44,1370,0,0,572
848930996,cwaniaczek25,995,1,21,508
848931922,Alor,207,24,237426,177
848933204,bartekg19942,0,1,670,366
848935291,Coder,170,260,2477004,80
848944752,flaralys,207,15,121986,191
848946646,Bez+Afiszu+Na+Oriencie,0,1,21,509
848950972,V3nnti+x+Dodupuzaur,4,1,5401,292
848953472,kizak1,1370,8,56223,204
848955400,xaniiax,168,376,3332035,48
848962527,Harvassen,0,0,0,573
848963287,HuYou,0,0,0,574
848964122,Soveral17,169,1,730,358
848971079,mocek12345,0,1,39,457
848974464,Ch%C5%82odnyGrzejnik,159,41,228452,178
848977412,goska111,0,1,714,361
848985821,michaelvonbaker,170,343,3276978,49
848986241,TOMASZEK+DZA,0,1,10445,262
848987695,goldman,0,1,4949,295
848995446,AndrzejJ96,0,1,1488,329
848999781,Rasantano-Pawlo,155,342,3845010,29
849002417,Lord+masorz+27,1390,6,47753,210
849002785,Dzony+x+Draxius+x+Gyano,170,547,5234769,8
849002972,Wielka+Tr%C3%B3jka,207,57,655598,159
849005468,ryba20210,0,1,244,401
849007031,ELMatiii,191,13,131297,189
849012384,Muzzzykxx,207,18,138596,187
849012438,markozyraf666,207,1,21,510
849024841,Pere%C5%82ka,0,1,52,442
849030850,Piotrgal,0,9,51878,206
849034250,trolol787,0,1,51,444
849035447,pinkolinka,0,1,139,422
849036718,SerafinP,159,2,18819,244
849037509,BlackAngel16,170,269,2700932,73
849038122,haxuwer,185,5,48890,209
849038125,Csikos+ft.+Weak,168,231,2289002,87
849038232,klusek212,185,55,563084,165
849038907,Damyan+x+azetek+x+lenivi,170,287,2711171,72
849039640,MUMIN94.,191,6,59263,203
849040462,emilek,262,1,3964,304
849045941,Ed.+Edd+i+Eddy,169,1,236,402
849052523,Damian102g,185,34,363971,169
849053299,homiczyca,0,1,21,511
849053725,AdiLee,0,1,8336,281
849055508,HardoX,0,1,21,512
849056475,lis+1,0,1,64,436
849060096,DoWidzenia,170,294,2689070,74
849060267,bejet,0,1,59,438
849061406,BastianCHW,0,1,21,513
849068010,Brykiel,0,1,21,514
849068436,Kubaa333,0,0,0,575
849070381,borgia,0,1,21,515
849070596,5125+in+the+Skyyy,168,209,2331892,84
849070736,Go%C5%82abek,0,1,6197,288
849070996,dagsa,0,2,9252,275
849073283,Rivan,0,1,155,416
849078942,Boski222,0,0,0,576
849079897,adi509,1270,1,2680,314
849088642,Chrzanows%C5%82aw,155,175,1854306,108
849089031,QX117,0,0,0,577
849092834,MrTedi,0,1,871,351
849095285,Biszkoptxx,0,2,5437,291
849095829,Lukanio,0,0,0,578
849097922,daniello1996,0,1,1739,326
849098822,SirCharles2,1370,1,2290,322
849099037,Mackus123,207,13,135785,188
849101083,PIROTECHNIK,211,1,39,458
849101828,Butelka%2APe%C5%82na%2ADurex%C3%B3w,0,1,21,516
849101833,Wielki+Bonk,168,115,1084928,149
849101895,Pi%C4%99kna+i+Bestie,155,160,1625063,120
849102053,eloooo69,191,1,21,517
849102080,Explosive,207,96,991757,152
849102144,ViperDg,247,1,21,518
849102299,Yukimura,0,1,48,446
849102325,URSUS+x+Silva,155,209,2137186,95
849102558,.MISIU.+x+magikrte,170,179,1784151,109
849104309,pms5,0,1,1251,338
849104657,lewy1702,168,104,1022846,151
849105298,skowero,0,1,21,519
849105880,wojtas.kaziu,1370,1,72,434
849106642,Anidis+x+Siemkas,168,346,3677317,34
849106980,Magik3010,185,18,109940,192
849107017,Krecik331,0,7,41390,213
849109173,Akoss,984,1,190,406
849109828,MarcinR771,0,1,605,368
849109870,lechita29,0,0,0,579
849109885,graf72,0,1,266,399
849110269,Nya-madoka-,0,1,21,520
849110310,Mantvel,60,0,0,580
849110479,rambo3423,0,1,512,373
849111013,Tyler+J%C3%B3zef,0,1,21,521
849111418,adamcx91,207,70,623593,163
849111436,Onepabloo,0,2,18912,243
849111714,SZARA%C5%83CZA,0,1,21,522
849112062,DYRONE93,159,1,485,377
849112510,Chwaliszew2008,0,1,5050,294
849113652,Szalony+Duecik,1376,1,11001,259
849113739,JanOnufry,185,62,628748,161
849113819,NurseJK,0,1,2521,319
849114429,seczu8,0,1,21,523
849114774,Dziadecki+z+Chicago,0,0,0,581
849114802,Jak+tam+ch%C5%82opie%3F,155,326,3179718,52
849114862,CoSiPrejete,0,1,4479,299
849114950,Matrix171717,0,1,21,524
849114968,artindi,155,187,2095719,99
849114993,Przem%C4%85drza%C5%82a+Ma%C5%82pa,155,323,3217839,50
849115217,darmian1313,0,0,0,582
849115269,BurczakKurczak,191,17,179043,181
849115304,kijek,325,1,157,414
849115915,Noebuziak,197,4,20876,233
849116913,kuba0307,341,1,21,525
849117035,Alderos,886,1,21,526
849117106,ROCKFORDxKOMINxDANIELOS,170,431,4158755,22
849117551,perko,0,0,0,583
849117566,Myvoice,0,2,6342,285
849117657,JustynaJustyna,247,2,10748,260
849118164,-sonor,155,309,3148306,54
849118644,Potezna+cwiara,155,318,3575305,39
849119493,CichyPiT95,185,0,0,584
849120370,lightningx,0,1,21,527
849121450,WojciuGEO,1370,1,386,385
849121842,Pavo55,53,1,719,359
849122794,1921Promil,0,1,21,528
849123563,pitko321,207,55,507162,166
849123616,marinik0207,998,1,21,529
849123733,Biszkopt8,0,1,21,530
849123949,Wysowyso12345,1359,2,13896,250
849124346,gagus75,0,1,294,395
849125432,PanQui,0,1,5202,293
849129576,S3B3X,0,1,852,352
849130928,ryba2024,0,1,1409,331
849131265,Daniel0197,0,1,1051,345
849131631,MickAdamczak,0,1,21,531
849132956,kasiakrak123,0,0,0,585
849133182,Vigat,0,5,45450,212
849133459,bajo,0,0,0,586
849134265,Nivrus,0,0,0,587
849134981,Warius,1156,3,25955,227
849135463,jerzyk5,0,1,3811,305
849136405,Janeczka1938,0,0,0,588
849136508,Grzesieq1995,0,0,0,589
849136553,OkiOki,0,0,0,590
849137137,gangplank,0,1,3357,310
849138613,Darek2023.,0,1,677,365
